0,0,0,0,0,0,0,4,0,0,12,0,0,0,8,0
8,0,0,0,0,0,0,0,0,4,0,0,14,0,0,0
4,1,0,14,0,0,0,0,0,0,0,0,15,0,0,2
0,0,0,0,0,3,14,0,1,0,0,0,0,16,0,0
3,0,0,0,0,4,1,16,0,13,0,0,0,0,15,0
12,0,0,0,0,0,5,0,0,15,0,0,0,0,0,0
0,0,0,0,0,11,0,0,12,0,0,0,0,0,5,0
11,0,0,0,0,6,0,0,0,0,0,0,0,0,16,0
0,4,0,0,0,0,0,0,0,11,0,0,0,0,0,8
0,0,0,0,0,16,0,2,0,0,8,1,0,13,0,15
0,0,1,0,0,15,11,0,0,0,0,0,5,0,0,0
13,0,0,0,0,0,3,0,16,0,4,0,0,0,0,1
0,0,0,0,0,0,12,0,0,0,3,0,0,0,0,0
0,8,0,0,0,0,4,6,0,0,0,0,0,0,0,0
0,0,0,0,0,7,0,10,0,0,0,4,0,0,0,0
14,0,0,11,5,0,0,1,2,7,15,0,0,0,0,0