0,0,95,0,0,94,0,57,0,0,0,0,0,0,27,0,0,0,0,0,0,0,85,0,0,66,68,0,0,0,0,0,0,0,23,49,0,0,0,83,37,32,0,0,0,0,0,0,0,0,0,0,0,0,70,0,0,0,0,47,0,0,0,0,0,0,0,22,0,0,0,0,0,0,40,0,0,9,0,0,0,0,77,0,0,0,0,0,0,56,0,0,87,0,0,20,0,0,0,4
0,0,28,38,0,45,0,47,0,0,0,0,0,0,85,0,30,0,0,78,93,0,0,0,2,43,0,64,42,0,0,0,13,54,0,0,29,62,0,0,0,0,0,0,0,0,0,0,0,0,0,0,0,0,0,0,0,5,8,0,0,39,0,19,83,0,0,60,0,0,92,0,0,0,0,0,87,0,0,44,52,32,71,0,0,0,81,0,0,50,98,76,0,0,0,0,0,0,0,0
0,0,0,0,0,0,0,55,0,0,0,0,45,88,0,38,0,0,0,36,0,0,0,0,14,0,0,0,0,0,0,0,0,78,0,67,80,0,0,96,0,22,0,0,0,0,0,0,0,0,0,0,0,0,0,0,0,0,0,58,43,0,0,0,0,0,0,0,0,0,0,0,41,84,0,0,0,0,74,0,0,0,0,49,0,39,0,23,0,0,0,0,0,0,0,100,0,0,0,0
0,0,0,74,0,0,0,0,89,0,0,0,0,0,79,0,0,0,44,33,9,0,0,0,0,0,0,0,0,0,0,0,0,0,0,11,0,0,0,88,0,0,0,67,0,68,1,96,0,30,0,81,0,0,0,0,82,71,0,0,8,0,10,95,12,0,0,0,0,0,0,31,0,0,22,0,0,62,0,0,0,0,0,0,0,0,2,24,86,0,7,0,0,0,0,34,0,0,0,0
0,97,42,0,0,0,0,0,0,0,0,0,0,0,0,0,0,0,0,0,0,0,0,0,54,0,0,72,29,0,0,0,0,0,0,46,52,0,0,0,0,0,63,0,0,0,0,0,51,0,1,0,0,0,30,0,0,68,0,0,74,0,56,0,0,0,77,0,0,0,53,0,0,0,0,94,0,0,0,0,4,0,0,0,20,0,0,0,0,0,36,45,0,0,0,0,15,0,0,0
0,0,0,0,0,0,0,0,60,0,46,0,99,0,0,0,0,0,0,0,0,61,0,0,0,0,0,26,0,3,40,0,0,0,0,0,0,0,51,0,57,0,95,0,0,0,94,12,0,0,0,0,0,0,62,72,0,0,0,0,20,0,0,0,0,92,0,0,35,0,0,0,0,42,0,0,0,0,0,0,0,0,0,0,0,47,0,0,0,0,0,1,0,16,0,66,0,67,30,0
0,0,0,0,0,0,0,0,0,0,53,0,0,12,0,0,0,95,0,0,0,0,6,0,0,0,15,0,28,0,27,0,0,0,0,0,42,0,0,0,0,0,0,0,7,75,0,83,0,21,0,0,0,0,0,0,0,0,0,0,0,0,0,0,96,67,0,0,0,0,0,0,81,0,0,0,0,0,0,0,0,22,0,0,0,0,0,0,0,0,0,0,0,0,0,0,0,0,0,0
0,71,0,100,0,0,0,0,0,0,0,58,0,91,0,0,0,0,0,0,0,0,0,0,0,0,44,0,4,0,25,57,0,14,0,0,0,0,0,12,73,0,0,0,0,0,0,0,0,0,0,0,84,0,0,0,0,0,74,0,0,0,0,0,0,0,0,0,0,36,0,0,7,19,0,0,83,0,34,75,0,85,0,0,0,0,0,0,0,0,0,0,0,0,0,0,0,72,0,0
72,0,0,48,0,69,59,0,0,54,26,0,0,18,0,0,0,0,0,0,0,0,0,0,0,0,71,0,0,0,0,55,0,0,0,0,0,0,0,0,47,0,0,0,0,0,0,0,0,0,0,0,19,60,0,0,83,0,0,0,0,0,9,0,0,0,0,0,76,98,0,0,0,0,85,0,0,0,66,68,95,0,0,0,8,0,0,94,12,0,0,0,86,0,0,43,0,0,93,0
67,0,0,0,0,1,96,0,0,78,0,0,0,0,22,48,0,0,13,0,0,0,0,83,7,0,75,49,19,0,0,0,0,0,0,26,84,0,0,0,0,0,4,0,0,0,0,87,0,0,0,0,0,0,0,0,0,0,0,0,100,37,0,52,0,0,0,0,0,81,0,0,0,0,0,45,0,0,0,0,0,0,0,0,0,58,0,0,0,9,0,0,0,0,25,8,0,0,0,0
0,0,0,0,0,52,92,82,0,37,0,91,0,0,0,0,76,0,0,0,0,0,0,0,55,0,33,0,20,0,0,0,0,0,0,5,0,0,0,0,0,93,0,0,0,0,0,0,0,0,0,0,0,56,61,77,0,0,0,18,0,0,45,0,64,0,0,0,28,47,75,0,0,0,0,0,26,0,0,7,66,0,78,68,0,96,16,0,0,0,31,0,0,0,62,0,0,0,0,0
5,0,0,0,0,0,0,12,0,0,0,0,42,0,0,22,0,43,2,0,0,0,30,49,16,0,0,0,66,0,21,0,0,0,0,0,0,0,0,0,0,50,0,0,37,0,0,0,0,0,28,0,0,0,0,15,0,0,0,0,0,59,0,0,0,0,0,0,0,31,0,0,0,0,0,63,0,0,6,0,0,56,41,0,0,0,3,0,0,0,0,0,0,0,0,25,33,0,35,20
0,0,0,0,0,0,0,0,70,0,68,0,80,0,30,0,0,66,78,16,0,0,0,72,0,0,2,0,0,0,0,59,54,31,29,0,0,0,0,0,18,0,74,0,0,41,0,0,0,0,0,0,0,0,0,0,67,0,0,0,0,0,0,34,0,0,0,0,0,0,0,0,0,20,17,0,53,0,25,0,100,0,81,0,79,0,37,0,92,0,0,0,0,0,0,0,0,0,0,0
0,0,0,0,61,0,0,0,56,0,0,0,4,53,0,0,0,0,0,55,0,0,0,0,0,0,98,65,51,0,0,88,0,47,0,0,0,45,0,0,96,0,0,0,0,0,0,0,0,1,0,0,0,0,99,0,0,0,0,0,85,0,94,0,0,0,0,10,0,0,0,0,31,0,62,0,0,0,0,0,0,93,2,97,0,86,73,42,0,0,0,0,0,0,0,0,0,0,0,0
13,0,0,0,0,0,0,59,0,31,0,0,0,0,56,40,0,0,0,0,0,52,50,0,0,0,81,0,100,0,17,87,0,0,0,0,20,0,0,0,0,0,0,0,0,0,0,0,0,45,0,0,34,0,23,0,0,0,0,83,0,0,76,0,0,0,0,9,0,58,0,0,16,0,0,80,0,0,60,0,0,10,0,0,0,0,0,95,0,0,73,0,0,0,0,0,0,97,0,0
75,0,0,0,0,0,0,83,0,0,0,0,0,0,0,0,99,0,0,0,61,84,0,0,3,0,0,0,0,0,0,0,0,58,0,65,0,0,0,11,0,10,8,5,57,0,0,0,0,0,29,31,0,0,69,0,0,54,0,0,25,0,35,20,0,0,0,0,0,0,0,86,0,0,0,0,0,0,0,0,0,0,0,0,27,0,47,28,0,0,0,80,0,96,0,60,0,68,1,66
65,0,51,0,76,0,11,0,9,0,0,12,0,67,0,0,0,8,0,0,0,0,70,0,0,0,36,0,0,0,0,0,0,73,42,0,43,0,0,0,83,21,0,0,0,0,0,0,0,0,0,0,20,0,0,0,0,33,0,87,60,0,1,0,49,0,78,30,80,16,71,0,0,0,0,0,0,99,0,0,0,0,0,0,0,0,0,0,0,0,0,0,0,18,0,0,0,0,0,0
44,0,0,0,35,4,0,0,0,0,0,88,0,0,0,0,0,38,0,0,0,0,0,0,0,0,0,5,8,0,0,96,0,16,0,0,0,0,0,0,59,0,48,13,31,0,0,0,0,0,0,0,0,0,0,0,0,98,0,0,22,0,0,0,0,0,0,0,42,0,0,18,0,74,0,0,0,0,40,0,0,0,0,0,89,83,0,0,0,0,0,0,0,82,0,0,0,71,0,0
0,0,0,0,24,0,0,0,0,0,0,0,0,0,0,0,0,0,7,0,0,29,0,0,0,0,0,0,48,0,0,0,0,0,52,71,0,0,0,0,91,0,0,65,0,0,0,0,0,0,80,0,0,30,0,0,0,0,60,0,0,18,0,0,0,77,0,56,84,0,0,0,0,0,0,0,0,0,85,0,0,17,0,0,0,0,0,4,0,0,0,0,0,0,0,0,0,0,0,38
68,0,0,60,1,0,0,96,0,0,13,0,0,0,0,32,0,48,54,0,0,0,0,26,0,89,0,0,34,0,0,0,0,0,0,0,0,0,0,0,0,17,0,0,0,33,0,53,25,35,0,0,43,0,24,0,0,0,0,86,0,0,99,100,92,0,81,0,52,0,0,0,0,0,0,0,0,0,0,36,0,0,98,0,6,0,58,0,11,76,0,0,0,0,10,85,0,5,0,0
70,0,0,88,0,0,0,0,11,0,0,0,0,0,0,0,0,0,0,0,0,0,0,0,0,86,0,0,0,0,72,0,0,0,0,0,31,13,0,0,0,0,0,0,0,0,41,0,0,0,0,0,57,0,0,0,0,0,12,0,83,0,0,39,0,0,0,49,0,0,0,20,4,0,0,33,0,0,0,0,37,0,0,0,82,100,0,0,79,0,0,0,0,0,0,91,76,0,0,0
0,0,0,86,0,0,0,0,0,42,21,0,7,0,0,0,75,0,0,0,0,0,72,0,29,0,0,0,0,0,0,0,0,0,0,0,0,0,0,0,0,0,58,9,0,0,0,0,91,0,0,0,16,0,0,0,0,0,96,0,18,0,0,0,40,0,0,0,0,84,0,0,0,0,0,0,85,0,0,0,0,0,35,0,87,20,4,0,25,44,0,0,0,0,0,0,0,0,0,0
62,0,31,0,0,54,0,0,72,0,0,0,41,0,0,0,0,0,0,0,0,0,0,79,0,82,0,0,37,0,92,0,35,0,0,17,0,0,0,0,0,11,0,0,28,0,36,27,0,0,0,0,0,49,75,0,0,0,0,0,0,0,65,0,0,0,0,0,98,0,0,66,80,0,0,78,0,68,0,0,0,0,94,0,0,0,95,0,0,0,0,0,0,0,64,0,0,0,97,73
0,0,0,83,0,0,0,0,0,19,0,0,0,0,0,0,0,0,0,0,77,0,0,0,0,0,0,56,3,0,0,0,0,0,0,9,0,0,0,0,8,0,57,0,0,0,14,0,0,5,0,0,0,0,0,0,0,0,0,0,0,0,0,0,0,17,0,0,0,4,93,0,0,73,0,0,0,0,86,0,0,0,45,0,0,0,0,0,0,0,0,78,0,66,0,0,0,0,0,16
0,0,0,0,44,0,0,20,0,0,70,0,0,0,0,88,0,47,45,0,0,0,53,0,0,0,0,0,0,0,0,0,0,0,0,0,0,0,0,0,48,0,0,0,29,0,0,0,0,0,0,63,0,0,0,9,0,0,0,0,0,0,97,0,0,93,0,0,0,42,0,0,84,0,26,0,0,0,0,0,39,0,0,0,0,0,0,0,0,75,0,81,0,100,46,0,0,50,0,0
0,0,0,0,65,98,0,0,90,0,10,0,14,0,53,12,0,0,0,0,0,0,11,0,0,0,0,0,0,38,0,0,0,0,0,0,0,0,86,0,34,49,0,0,0,23,0,0,0,75,0,0,0,0,44,17,0,0,0,0,96,0,68,16,0,0,0,67,78,0,0,0,52,37,0,0,0,0,0,0,0,72,0,0,0,0,29,0,32,0,0,41,0,0,0,0,0,0,0,0
0,0,0,0,0,0,0,0,0,84,17,20,0,0,0,0,44,55,0,0,0,0,0,0,63,91,0,0,58,0,0,0,0,0,0,0,0,0,0,0,0,0,0,30,80,0,0,0,0,0,81,0,37,0,0,0,79,0,0,0,12,8,0,57,0,10,94,53,14,95,0,0,0,0,72,0,0,0,59,0,73,0,24,0,0,0,0,2,0,97,0,0,0,0,49,0,23,0,75,39
0,0,37,82,0,0,0,0,0,0,0,51,0,0,0,91,0,0,0,0,44,0,92,25,0,0,0,0,0,20,0,0,0,0,14,0,57,0,12,0,0,0,0,93,42,0,0,0,0,0,0,0,0,0,0,56,0,0,0,0,0,38,0,0,0,0,0,11,0,0,0,0,0,0,0,0,89,0,0,23,0,0,1,30,0,66,0,0,60,0,29,54,32,0,72,0,0,0,13,0
0,0,57,0,0,14,85,0,0,0,0,0,2,0,0,0,97,0,0,0,68,0,0,0,80,0,1,30,16,0,0,0,0,0,0,21,0,0,83,0,0,46,0,50,0,0,0,0,82,0,36,0,0,0,15,0,27,0,0,38,0,0,0,0,0,0,0,0,0,0,9,51,0,0,0,0,0,0,91,0,0,0,0,0,18,0,0,0,40,0,0,0,0,0,92,0,0,17,0,55
0,1,16,96,0,78,0,0,0,0,0,0,0,32,0,0,0,0,69,29,75,0,0,89,0,0,0,0,39,0,26,74,0,84,0,0,0,77,0,0,20,92,0,0,0,0,33,0,0,44,0,0,0,0,0,0,0,24,0,0,0,100,0,37,0,0,0,0,81,0,0,38,28,0,0,0,0,0,0,0,0,90,76,9,0,51,63,0,0,0,0,0,0,0,0,0,0,0,0,0
42,0,0,0,0,0,0,0,2,0,0,0,0,61,0,0,39,0,0,0,31,0,0,0,0,0,0,29,0,0,0,17,100,79,0,52,0,0,0,0,0,0,11,0,0,0,0,0,0,58,0,0,49,0,16,0,0,0,0,0,0,0,0,0,76,0,0,0,18,0,0,0,0,67,0,0,1,0,0,0,0,0,20,0,5,10,0,0,94,0,0,0,0,0,0,0,0,0,0,0
0,0,0,0,0,0,0,0,81,0,0,0,91,0,0,0,58,0,0,0,0,87,0,0,25,5,0,0,0,10,0,30,8,0,0,0,0,57,0,0,0,0,72,0,0,0,0,0,0,0,18,0,90,0,0,0,76,0,0,0,97,0,0,0,24,28,0,36,0,0,19,0,0,0,0,0,61,0,0,0,0,0,66,0,0,0,0,0,23,0,0,0,0,50,0,71,48,29,31,0
0,0,0,0,58,0,0,0,0,0,0,0,0,0,14,0,0,0,0,85,0,0,0,0,27,97,0,0,0,0,0,0,43,22,86,0,0,0,0,0,0,0,0,19,0,0,0,0,0,0,0,25,0,0,0,4,0,20,0,0,0,0,0,0,0,80,0,0,0,0,0,0,0,0,0,0,0,0,0,0,0,0,0,29,0,0,0,0,0,31,0,0,0,0,41,65,74,0,3,0
0,74,0,0,0,0,0,0,0,0,0,10,0,0,0,5,55,53,0,0,0,0,98,45,0,0,0,0,0,0,0,0,38,0,0,0,64,0,0,24,21,0,0,0,60,66,96,23,0,0,82,0,0,0,0,52,0,0,0,0,68,0,0,0,0,0,0,0,0,85,0,0,0,46,54,0,0,0,0,48,0,2,0,0,0,62,0,0,69,0,89,0,61,56,7,77,0,19,0,26
0,0,64,0,0,0,24,0,36,0,0,0,0,0,78,0,0,0,0,0,0,0,2,0,0,0,0,0,0,0,0,0,48,0,0,0,0,31,0,99,9,0,90,0,0,74,0,0,0,0,0,0,0,0,0,0,0,8,0,0,0,0,0,0,0,0,0,0,0,0,0,10,0,53,0,0,94,0,0,0,0,0,0,52,0,0,0,0,35,37,0,0,0,70,0,0,0,63,0,11
0,0,0,5,0,87,0,10,33,0,0,93,0,24,0,0,47,0,0,27,0,0,14,0,85,68,0,0,0,30,0,0,0,60,0,80,49,0,0,23,0,54,0,0,0,0,59,0,71,0,91,6,0,0,0,63,0,0,0,0,0,62,0,0,0,0,0,0,0,22,84,0,0,0,0,0,0,0,65,0,26,0,0,0,0,0,0,83,0,0,0,82,0,0,0,0,100,0,0,0
0,0,0,0,31,59,0,50,0,0,84,0,0,0,0,65,0,0,0,0,0,82,0,0,79,0,0,52,0,0,33,0,20,0,87,0,0,0,0,0,0,0,0,0,0,38,0,0,0,47,0,0,0,0,0,0,0,0,0,0,15,0,0,0,0,63,0,0,0,0,0,21,60,0,0,0,0,0,75,0,67,0,0,0,68,0,85,0,1,0,0,0,69,0,0,0,0,42,0,0
19,0,26,77,39,0,0,0,7,0,0,0,0,0,0,0,0,92,0,79,0,0,41,0,0,0,0,84,90,9,0,0,0,0,0,0,11,0,15,45,0,14,0,0,0,0,0,0,0,0,0,0,46,54,0,0,0,0,0,0,0,10,0,53,0,4,20,0,0,25,0,0,22,0,0,86,0,0,0,43,0,0,0,0,0,0,27,88,0,0,0,96,23,21,78,0,66,0,0,0
80,66,49,0,0,0,0,0,78,0,0,0,0,99,0,0,0,0,48,0,39,0,0,0,0,77,0,0,26,0,0,0,0,0,18,0,0,0,0,0,0,33,0,0,0,0,0,0,5,0,0,0,0,0,0,0,0,0,13,0,0,0,37,0,0,0,0,0,0,0,28,0,0,0,0,0,0,0,97,0,0,0,0,0,0,0,0,0,45,0,0,0,0,0,0,68,0,0,0,0
0,0,0,0,0,0,0,0,14,85,0,0,0,69,0,13,0,72,0,22,0,96,78,0,0,75,0,0,0,0,0,0,0,0,0,19,0,0,0,0,0,0,92,0,0,0,82,35,44,0,0,0,0,0,47,0,24,0,97,0,0,0,0,0,0,0,0,54,59,0,63,0,0,11,98,0,0,58,15,0,90,41,74,0,0,0,0,0,0,3,0,0,0,0,0,5,0,0,55,53
0,0,6,0,0,51,0,0,76,91,14,0,0,0,0,30,0,0,0,12,0,0,45,97,0,93,47,36,27,0,0,0,73,0,0,0,0,0,62,0,26,0,89,0,0,0,0,0,0,0,20,0,0,0,0,0,0,0,10,0,0,49,0,0,0,0,0,0,66,0,0,0,0,0,99,0,0,0,17,0,32,0,0,0,0,0,0,0,0,0,18,0,0,0,0,9,0,0,84,40
78,0,60,0,0,0,75,0,0,0,54,0,0,0,0,0,0,0,31,59,0,0,23,0,0,0,39,0,0,0,61,0,0,0,74,0,0,0,0,0,0,0,25,0,87,0,0,0,0,4,43,0,0,0,42,0,0,73,0,72,0,0,0,79,0,0,37,0,0,0,0,0,0,0,0,0,0,0,0,0,0,0,0,0,70,0,91,51,0,0,0,8,0,67,94,30,0,0,95,0
2,73,0,0,0,0,0,0,0,0,7,0,34,0,0,56,0,0,0,83,0,0,0,0,59,50,0,0,0,0,0,0,0,82,0,81,0,0,0,0,11,0,0,0,0,0,0,15,0,0,0,96,0,1,80,0,0,0,0,0,0,0,84,0,65,0,3,0,74,0,14,0,0,0,94,0,0,95,0,57,0,0,55,0,10,0,0,0,5,0,0,0,97,0,0,0,0,0,0,27
0,0,0,0,0,0,0,0,23,0,81,0,100,44,0,0,52,79,0,82,84,0,0,0,0,0,0,0,40,0,0,0,58,0,0,0,0,0,0,0,67,94,0,0,0,0,0,0,0,0,0,0,32,0,29,0,0,0,50,46,10,0,0,0,0,0,0,35,0,0,0,0,0,0,24,0,13,0,62,0,0,0,0,0,93,64,88,0,0,0,0,0,75,49,0,0,0,0,0,0
81,0,79,0,0,0,0,0,99,0,0,11,0,0,0,70,63,0,0,0,0,0,0,0,0,10,55,0,0,0,94,0,0,0,8,14,0,0,0,0,0,0,0,0,0,73,0,0,0,0,0,18,0,0,0,0,0,0,9,0,93,64,0,27,97,0,47,0,0,0,0,0,0,0,23,0,77,0,56,0,0,0,0,0,21,0,0,0,0,80,0,0,0,0,0,0,0,0,0,0
0,0,0,0,29,0,71,0,0,0,0,90,0,65,61,9,84,40,0,0,0,0,0,0,0,0,0,0,0,0,0,0,0,0,20,0,0,4,0,0,64,0,0,0,88,0,0,0,0,0,34,0,0,0,0,0,0,0,0,0,70,11,0,0,0,0,0,0,0,0,0,0,0,0,0,0,0,0,21,16,0,0,0,14,30,0,0,0,68,0,0,0,13,0,0,62,0,2,0,0
0,55,0,10,0,0,0,0,0,0,36,0,38,0,0,0,0,0,0,88,95,0,0,68,0,0,0,0,0,67,1,0,0,0,0,0,0,0,0,75,0,0,0,0,0,0,0,71,0,0,0,0,0,76,63,98,0,0,0,0,0,72,0,0,0,2,0,0,0,86,0,0,0,40,0,74,65,84,0,0,0,23,0,0,0,0,0,0,0,0,82,0,0,92,0,0,37,0,0,79
0,0,0,93,0,0,0,0,0,0,0,0,0,0,0,21,0,0,0,0,42,0,0,0,0,0,73,0,0,0,0,46,31,59,0,0,0,0,0,0,0,0,0,41,0,0,74,0,0,0,0,0,0,0,0,0,0,0,30,67,56,0,0,0,77,0,0,0,0,0,0,0,0,0,0,0,5,0,0,0,0,0,0,0,0,92,0,0,0,0,91,0,0,0,76,0,0,0,0,0
0,0,0,0,0,74,0,0,0,0,33,0,0,5,0,10,0,0,55,0,0,51,0,0,0,0,0,0,0,0,0,0,0,0,0,0,0,0,0,0,0,0,60,0,0,16,0,0,0,0,0,0,0,0,52,0,0,37,17,0,0,0,0,85,0,0,0,94,0,12,54,0,0,0,69,0,0,0,0,0,22,24,0,2,0,0,0,0,0,42,0,0,0,0,0,0,0,0,0,0
0,0,0,0,0,0,0,67,0,0,0,0,0,0,24,0,0,22,73,86,0,66,0,0,0,21,16,78,60,49,0,0,0,0,34,0,0,0,0,0,0,99,0,81,0,0,0,0,0,0,0,0,27,0,0,0,0,0,0,0,50,0,0,0,71,0,0,0,0,0,98,11,91,0,0,0,15,0,0,0,0,0,0,0,0,0,0,74,0,0,87,0,0,0,0,0,0,0,0,0
0,0,0,0,0,73,0,0,0,0,0,0,39,0,75,0,0,0,0,0,0,0,0,0,48,0,0,0,59,0,0,79,0,0,0,0,82,0,0,17,6,65,91,76,51,0,0,0,11,0,0,66,0,68,0,1,21,0,0,0,0,40,0,0,0,61,0,77,0,74,0,85,8,0,0,57,30,14,67,95,87,44,0,35,53,0,0,0,0,0,0,0,93,27,15,0,0,0,36,0
23,0,0,0,7,0,56,0,75,0,99,0,37,0,71,0,81,0,0,100,0,3,0,0,74,0,0,61,0,0,65,6,63,51,0,0,91,0,11,0,0,0,12,94,8,0,0,30,67,14,31,0,59,13,0,69,0,29,0,32,0,25,33,87,0,0,0,0,0,0,0,0,43,0,0,0,62,2,72,0,0,15,28,0,64,27,0,0,0,0,66,16,0,0,0,49,0,0,0,0
0,63,91,0,98,0,0,0,65,0,0,0,57,0,5,0,14,0,95,8,36,0,15,93,0,0,0,0,88,0,0,22,0,43,0,0,86,0,72,0,89,0,0,23,34,19,0,0,0,7,55,0,87,0,0,0,10,0,0,25,0,60,78,96,21,0,80,0,0,66,99,0,0,82,0,0,17,0,0,52,0,13,29,0,46,0,48,0,50,0,0,0,9,40,77,90,0,61,0,18
0,95,12,67,14,57,0,0,5,8,0,0,73,62,97,72,0,86,42,43,78,0,68,21,66,49,80,1,96,60,75,89,19,0,0,0,0,0,0,56,79,0,0,0,100,0,0,17,0,0,47,38,0,15,0,0,93,0,64,27,46,0,0,0,50,69,29,13,31,48,0,6,51,0,65,0,0,0,0,0,18,0,84,0,90,0,74,0,0,41,20,55,0,0,44,0,0,0,33,87
0,0,59,46,0,0,0,32,13,48,0,0,0,0,0,0,41,18,84,0,0,37,71,17,100,0,52,99,82,0,44,0,0,0,0,0,87,33,53,0,27,15,88,45,38,28,0,93,64,0,0,0,0,0,0,23,56,0,26,0,11,0,98,91,0,76,0,65,0,51,0,60,66,0,68,16,21,0,49,0,12,0,95,94,67,85,8,57,30,0,43,73,0,22,0,72,42,24,2,0
61,84,18,90,0,3,9,0,0,74,0,0,0,0,0,0,0,0,4,20,98,0,0,0,51,11,0,76,0,6,15,0,0,0,0,0,0,36,0,93,60,68,96,1,66,80,0,21,0,78,37,0,0,71,0,0,17,0,92,0,67,0,0,12,30,0,95,0,57,8,0,0,0,0,13,0,50,0,0,0,0,0,0,0,72,22,43,73,62,2,34,39,0,89,0,26,19,0,7,0
0,0,96,0,0,0,21,0,0,0,69,32,31,0,0,46,54,0,29,48,7,0,75,0,34,0,19,0,0,0,77,0,0,74,0,61,0,0,90,9,0,0,87,35,20,0,55,10,0,0,73,43,86,97,0,0,62,0,0,0,0,79,81,82,17,99,0,0,0,0,0,0,0,0,0,47,0,0,64,28,91,65,0,0,11,0,0,58,0,98,8,0,30,85,0,67,0,94,14,0
35,4,87,0,0,55,10,0,44,20,45,27,47,93,15,64,0,88,0,0,0,0,5,0,8,67,0,94,12,85,68,0,0,66,0,1,0,78,0,21,0,13,59,69,0,29,0,50,0,54,58,51,91,0,0,0,70,63,11,6,0,0,2,0,0,24,0,97,0,43,61,0,74,0,0,3,0,0,90,0,0,75,19,0,26,0,34,39,56,7,100,0,17,79,0,0,0,0,81,82
0,28,88,0,36,0,93,0,15,0,0,60,16,0,68,0,0,96,0,0,0,73,97,0,43,72,0,0,86,22,13,0,29,0,31,0,0,0,46,0,40,77,0,0,74,0,3,0,0,0,57,8,0,5,14,0,0,0,67,85,26,0,7,83,0,23,19,75,39,34,0,0,20,87,0,0,10,33,0,4,0,71,0,99,0,0,100,37,17,0,51,58,70,6,0,11,63,76,98,91
0,0,82,0,0,37,17,79,0,100,0,0,58,0,65,11,98,0,0,51,33,55,0,0,0,53,0,35,0,0,5,0,95,8,0,94,0,0,67,0,0,0,86,24,43,42,73,0,72,0,0,74,0,0,0,0,9,0,0,0,64,0,36,88,93,0,28,0,0,0,0,0,0,0,75,0,0,0,0,0,96,0,80,1,0,0,66,16,21,0,48,31,50,32,13,46,0,0,54,0
0,0,56,61,0,89,41,0,19,0,37,0,0,0,0,0,0,17,0,92,0,40,0,0,0,76,18,0,9,65,0,0,91,11,0,0,70,51,0,0,0,0,30,57,67,12,85,0,1,8,0,0,0,29,0,0,81,0,0,71,94,5,0,0,0,55,87,0,0,53,0,13,0,62,42,0,54,43,0,86,93,28,88,0,0,0,0,27,2,0,0,0,7,0,80,23,96,16,0,21
0,18,0,76,74,40,98,65,84,0,55,5,0,14,0,94,0,10,0,0,51,0,0,36,11,0,0,0,70,0,0,97,88,0,27,0,0,38,0,0,75,80,0,0,49,96,0,0,0,66,0,92,17,0,100,0,0,0,0,0,1,68,0,0,78,57,12,0,0,67,31,71,46,0,0,32,81,0,0,0,0,42,0,73,0,0,72,22,54,43,26,0,0,77,19,0,0,39,34,0
0,0,93,0,0,27,0,97,28,0,0,75,0,7,0,0,0,0,96,0,43,22,42,54,72,0,86,73,62,13,29,71,0,46,32,31,0,48,99,81,0,0,9,0,0,18,40,98,76,74,0,0,0,0,0,57,78,12,1,68,0,77,0,56,41,0,0,19,0,0,55,5,0,10,0,25,0,20,94,0,17,0,0,0,35,44,0,79,33,0,11,0,36,0,63,45,91,0,51,0
0,96,0,23,0,60,7,75,80,49,0,71,32,81,0,99,0,50,59,0,34,0,0,0,26,61,0,0,56,77,84,65,0,0,0,3,9,0,0,98,0,4,0,0,53,87,25,0,0,0,0,72,62,42,43,0,0,86,0,0,35,0,0,17,33,37,82,52,0,0,47,0,64,93,0,27,0,0,0,88,0,0,0,0,0,0,11,0,36,51,0,0,0,0,0,1,0,0,0,30
0,0,17,35,100,79,33,0,0,0,0,15,0,36,0,45,0,0,91,11,0,0,4,0,53,0,87,55,0,0,95,68,12,67,85,0,30,8,1,78,13,42,62,0,72,0,0,54,0,43,0,0,0,84,74,0,0,18,76,65,0,97,38,93,2,0,0,0,27,64,39,0,26,0,19,89,41,0,61,0,21,0,96,16,0,0,0,60,7,0,46,32,81,0,29,0,0,31,0,0
55,0,0,0,20,25,0,5,4,0,0,0,0,0,28,24,38,0,0,64,8,85,95,78,0,1,12,57,0,68,80,75,96,0,60,16,0,0,0,0,71,29,0,31,46,59,0,0,99,0,0,0,0,63,0,0,36,0,45,0,69,13,0,0,0,0,0,0,22,0,3,65,0,0,0,40,98,0,0,0,56,0,83,39,0,77,0,0,0,0,92,79,33,0,0,35,0,0,100,17
31,0,0,0,0,0,81,71,0,0,3,65,40,98,84,76,0,9,0,0,100,0,0,0,0,35,82,0,17,44,0,5,87,0,25,55,0,20,94,0,0,0,0,0,64,0,0,0,24,0,0,0,56,0,0,0,41,0,0,77,0,0,51,0,36,58,91,63,0,11,0,75,49,21,0,60,0,0,0,0,0,0,12,0,0,68,67,0,78,0,0,22,54,0,42,69,86,0,43,0
0,0,0,45,0,6,0,0,0,0,0,0,0,78,95,0,8,30,0,0,0,27,28,2,64,24,0,47,0,0,42,0,0,0,22,73,62,43,69,0,0,19,0,0,26,0,89,0,61,34,25,0,0,4,20,0,14,0,0,0,0,75,0,0,7,0,0,80,0,0,0,44,0,17,0,0,0,100,35,82,0,29,0,0,99,71,46,32,0,0,90,40,0,0,0,76,18,3,74,9
73,0,62,0,0,0,54,13,0,72,0,0,0,0,0,0,0,0,83,26,48,32,0,0,46,99,59,0,0,71,0,44,0,92,79,0,17,100,0,0,15,63,70,58,0,91,6,36,0,0,0,49,21,0,66,16,7,0,0,75,76,65,0,9,98,0,18,0,40,0,57,0,67,0,0,85,0,0,1,0,0,4,0,0,94,5,0,0,0,0,64,27,0,97,0,24,0,0,38,0
0,0,0,0,0,85,78,68,0,0,0,0,22,0,42,69,0,62,0,72,0,0,80,0,0,0,0,0,0,75,19,77,0,0,89,0,0,0,61,41,0,0,0,0,92,82,79,33,35,0,27,64,0,0,0,47,0,0,24,97,99,71,48,50,0,31,59,0,32,46,58,0,11,70,63,6,36,0,45,91,9,84,0,3,0,65,0,0,98,0,0,25,14,0,0,0,87,0,20,0
38,0,97,2,0,64,42,0,0,93,0,0,49,0,16,7,0,75,60,21,0,72,0,29,0,54,22,0,0,0,0,99,0,0,0,48,0,0,81,52,76,0,65,0,0,40,0,0,98,0,0,30,0,0,12,8,80,85,78,0,41,61,0,0,84,0,0,0,26,0,20,0,0,5,55,0,0,87,14,25,44,37,79,100,33,35,0,92,0,82,70,0,28,0,0,36,0,0,91,15
43,22,0,0,0,0,0,0,0,0,0,61,26,0,0,0,83,0,0,0,59,46,0,52,0,81,32,48,71,0,37,35,79,0,92,100,0,82,33,0,45,0,15,0,70,0,0,28,0,91,0,21,0,0,0,0,19,0,7,23,0,76,18,65,63,0,40,3,0,0,0,1,0,0,0,67,0,0,0,85,5,55,0,20,14,94,0,0,95,87,93,0,0,0,0,2,27,0,0,0
74,40,65,98,18,90,63,76,3,0,0,94,0,0,55,0,0,0,25,0,91,11,58,0,0,0,6,51,15,0,47,0,0,0,64,38,0,0,2,0,0,16,0,0,21,0,0,0,0,96,92,17,44,0,0,0,4,79,0,35,0,0,12,68,80,8,85,0,67,0,0,0,0,0,31,46,0,0,0,32,0,73,22,0,0,69,62,72,0,0,56,0,84,0,39,0,0,34,0,77
0,0,0,33,0,92,0,0,0,0,0,45,11,0,0,36,0,0,6,0,0,53,0,95,0,0,25,0,0,0,57,1,85,0,0,8,0,12,78,0,0,0,0,43,62,0,0,29,54,0,90,9,65,3,0,0,0,0,0,0,0,0,0,97,0,0,0,0,64,93,0,0,0,0,39,26,0,83,0,89,0,0,60,0,7,0,0,49,0,0,0,0,52,99,0,81,0,48,0,0
0,0,15,0,0,0,28,45,0,0,0,1,0,80,57,0,0,68,0,30,0,0,47,42,93,2,27,0,0,0,73,0,0,0,72,43,13,0,0,0,0,0,77,34,0,0,0,0,41,83,0,0,5,55,87,20,95,0,0,0,7,23,96,75,0,66,0,16,49,0,100,0,17,44,0,0,4,82,33,79,71,31,0,0,0,0,50,46,0,59,0,90,0,0,0,98,40,74,18,65
8,0,0,78,12,67,0,1,57,0,0,69,72,29,73,0,86,13,0,0,96,49,16,19,0,0,60,0,75,23,0,61,89,56,0,0,0,0,41,84,0,0,44,0,17,0,92,4,33,0,64,0,0,0,88,0,0,0,0,0,81,0,59,0,52,0,32,0,0,50,0,0,70,15,58,0,28,91,0,0,65,3,40,0,0,76,0,90,63,18,0,53,0,0,55,14,25,0,0,0
48,0,71,0,59,46,0,99,0,0,74,76,0,0,3,98,0,0,40,0,82,92,37,0,17,33,0,0,44,0,55,94,25,10,53,20,0,87,0,95,0,0,97,0,0,27,0,42,2,0,0,56,77,39,83,0,84,0,41,61,36,0,91,15,0,0,0,0,0,0,66,23,21,75,0,0,19,0,7,60,0,0,0,0,78,1,30,0,0,0,0,0,29,69,73,54,22,0,0,13
0,0,0,7,96,0,19,0,0,21,0,99,46,52,0,0,0,71,0,50,83,26,39,0,0,0,0,34,77,0,3,76,0,0,0,0,0,0,0,63,0,55,5,0,10,25,53,95,14,87,0,62,0,0,0,43,0,22,54,0,33,35,0,44,0,100,79,37,92,0,38,24,0,97,47,64,42,88,0,0,15,58,0,51,0,0,0,0,0,91,30,0,0,0,57,0,0,0,0,0
34,0,0,0,83,26,0,0,39,0,0,0,92,0,37,0,0,44,79,0,18,90,3,63,0,0,0,74,0,0,58,45,0,70,11,0,15,0,0,0,1,0,0,8,30,0,0,0,78,0,46,50,0,0,59,0,52,32,81,0,0,0,87,5,95,0,25,0,0,0,43,69,62,13,73,72,29,0,0,22,97,0,27,38,0,24,93,0,42,88,0,49,0,0,16,0,60,66,96,75
20,0,5,0,0,53,95,0,0,0,0,24,64,0,47,2,88,97,27,93,0,0,57,0,30,78,0,8,0,0,16,23,0,0,0,0,0,0,0,19,99,31,0,0,0,32,46,52,0,0,0,0,0,0,91,51,28,6,0,0,0,0,86,0,29,43,22,0,0,62,74,76,0,0,0,90,63,0,0,40,77,39,0,34,0,61,56,26,0,83,17,0,4,35,0,33,79,100,0,44
0,0,0,3,26,77,74,0,83,0,0,4,44,20,82,55,0,33,17,35,90,0,18,51,0,58,0,40,0,63,0,28,70,0,0,6,0,11,0,38,0,0,0,85,1,30,0,66,16,67,0,0,81,59,0,0,100,0,37,0,57,0,0,14,8,0,0,0,0,94,22,0,0,0,86,0,48,0,31,62,2,0,93,0,73,0,0,97,43,0,23,0,0,0,0,39,21,0,49,7
0,0,54,31,72,13,0,29,86,69,0,84,0,0,0,0,0,41,0,61,46,0,59,0,0,37,0,0,0,0,82,4,0,35,44,0,33,0,55,0,28,0,0,0,0,70,15,38,0,0,75,0,0,0,49,0,0,21,0,19,58,63,0,0,0,40,0,18,0,0,85,0,0,78,12,68,0,67,16,0,14,87,0,0,57,95,94,0,0,0,24,97,0,0,88,73,0,27,0,0
85,0,0,16,67,0,66,80,0,1,22,0,13,0,0,31,0,0,62,0,49,75,0,34,23,0,0,0,0,19,83,0,56,61,77,0,41,0,3,74,4,0,33,0,35,17,44,20,55,92,97,24,0,0,0,0,43,0,73,0,37,52,46,81,0,0,50,0,0,0,6,28,45,0,91,0,0,11,47,70,0,18,9,0,58,63,0,65,0,0,0,5,0,0,0,57,0,25,0,0
60,21,7,39,49,75,0,0,0,23,32,52,0,100,59,37,46,81,50,0,0,77,83,74,61,3,0,0,41,84,0,63,9,76,65,0,98,0,0,0,0,0,0,0,94,10,0,8,57,0,13,69,54,0,72,0,0,62,0,0,0,0,92,33,20,79,0,0,44,35,27,42,24,0,0,97,43,0,0,93,36,91,70,6,47,28,45,15,38,0,0,68,0,80,12,16,30,85,0,0
0,0,36,0,11,15,0,0,91,45,0,0,0,66,0,0,67,78,30,1,0,97,0,0,0,0,0,27,0,42,86,29,0,0,0,0,54,72,31,0,84,83,0,89,0,0,77,74,0,26,5,94,14,0,0,0,0,10,0,95,39,0,0,7,0,60,21,96,75,0,79,0,0,33,0,44,20,0,55,17,81,0,50,32,0,0,0,71,0,0,76,65,51,63,18,58,0,40,0,0
32,50,0,0,0,0,0,52,59,0,0,63,65,0,18,0,0,0,9,0,0,44,0,0,0,55,0,79,33,0,0,95,10,0,0,25,0,0,57,8,0,0,0,0,24,0,0,43,73,64,77,61,41,83,26,0,0,0,0,0,47,28,11,36,0,6,0,0,15,45,60,0,0,0,96,75,0,0,39,0,78,12,30,0,0,80,0,68,66,0,0,13,48,0,86,0,62,0,72,0
27,0,2,73,64,97,43,0,88,0,60,19,75,34,0,39,0,0,0,0,72,13,0,48,69,0,0,22,0,29,59,0,50,0,71,32,0,0,0,0,63,0,98,0,76,9,0,0,58,90,0,0,78,0,0,0,66,0,0,0,0,84,0,41,74,0,56,0,77,61,25,95,94,0,87,0,8,0,0,0,33,0,17,79,0,4,35,44,0,0,45,0,0,0,0,0,0,6,0,0
0,10,0,0,0,0,8,95,0,94,27,0,97,0,0,73,64,0,93,24,0,0,0,0,0,0,30,85,0,80,0,0,0,23,75,60,0,49,39,34,0,59,0,32,0,50,71,0,0,0,0,0,36,91,0,0,38,0,47,28,0,29,72,54,0,0,0,0,0,69,0,63,0,98,0,65,51,90,0,9,41,0,0,89,3,0,61,0,74,0,35,44,20,4,0,0,0,0,0,33
79,17,33,55,0,0,20,0,82,35,6,28,15,38,91,0,0,36,0,0,0,5,87,0,0,0,0,0,14,95,0,80,0,0,0,0,78,67,0,0,0,86,54,22,69,62,13,48,31,0,65,76,98,18,0,40,51,0,0,0,73,42,64,0,0,0,0,0,0,0,0,84,61,41,0,0,74,0,3,0,7,0,21,60,0,19,23,0,34,49,0,0,100,0,0,0,0,32,0,0
0,9,0,58,0,0,0,0,0,76,0,95,5,8,87,57,0,0,10,94,0,0,91,38,0,0,70,6,36,28,0,0,93,0,97,27,0,64,0,43,19,0,7,60,0,21,75,34,39,0,0,0,0,82,92,79,20,0,55,0,16,0,67,78,0,0,0,0,68,1,0,0,0,81,0,0,0,0,0,0,54,86,62,22,31,29,69,0,0,0,61,77,74,84,0,0,56,89,0,0
83,0,61,84,89,0,3,0,34,0,0,0,0,0,0,0,0,35,0,44,40,0,0,58,0,63,0,18,76,98,0,36,11,0,0,91,45,6,0,47,0,8,1,12,0,67,0,0,80,85,50,0,0,48,0,59,37,46,0,81,95,14,25,94,0,0,53,20,10,5,86,0,13,0,43,0,0,0,29,0,0,0,0,88,42,2,0,93,0,0,0,0,0,7,0,0,0,96,0,0
96,0,23,0,60,0,39,7,66,75,0,81,0,37,48,52,0,99,0,71,0,0,0,0,0,84,0,0,0,41,74,98,0,0,0,18,0,40,63,0,0,20,0,0,0,0,10,57,95,0,0,13,0,43,0,0,31,72,29,0,4,0,79,35,0,0,92,0,0,44,0,2,0,0,0,93,0,27,0,64,45,0,11,91,28,0,15,70,0,0,68,30,16,0,8,0,67,12,85,1
88,64,24,0,0,0,73,0,0,0,0,0,0,39,0,0,0,23,0,0,22,62,0,31,13,29,0,86,69,0,48,81,0,71,0,59,0,32,52,0,98,74,76,18,0,0,0,0,0,0,30,0,1,0,85,0,0,0,0,78,0,0,0,61,3,0,26,0,0,77,0,14,0,94,0,0,0,25,0,53,35,0,0,0,0,33,0,0,0,0,15,0,47,0,0,0,11,91,6,0
0,53,94,0,0,0,0,14,0,5,88,2,0,0,0,42,0,0,0,97,0,0,0,0,68,0,67,12,1,78,0,0,0,0,21,0,0,0,0,0,0,0,99,0,0,0,50,37,52,0,0,15,45,0,0,91,47,11,28,36,29,0,0,69,31,0,0,43,62,0,0,0,0,76,0,9,58,40,63,0,61,34,0,83,0,41,77,56,0,0,0,0,55,0,100,0,92,0,79,35
0,46,99,52,0,0,0,81,48,0,0,0,0,58,0,63,40,76,90,65,0,17,100,55,44,4,92,0,0,33,0,14,0,0,0,87,94,25,0,0,0,0,0,0,0,0,0,73,42,27,0,77,61,0,0,83,3,26,84,41,0,0,0,45,47,91,11,51,70,15,0,7,0,0,0,21,0,0,0,0,1,8,67,12,80,78,0,30,16,85,13,0,31,54,43,0,0,0,22,69
82,92,0,4,79,0,55,0,0,0,0,0,0,0,51,0,0,45,0,0,0,10,0,0,5,95,0,87,0,14,8,0,67,0,30,0,1,85,0,16,0,43,69,86,0,72,62,0,0,22,0,0,76,74,40,0,58,90,0,0,42,2,0,0,73,0,64,38,0,97,0,41,0,61,34,0,3,89,0,26,0,66,49,96,19,0,75,21,39,60,0,50,0,0,0,52,46,0,0,99
0,0,76,63,0,9,58,98,74,0,87,14,0,0,0,95,25,94,0,5,0,0,0,0,15,0,0,91,0,0,38,0,0,97,0,0,24,27,0,73,0,66,23,96,0,0,21,0,0,0,17,0,0,0,79,82,55,0,0,0,0,0,0,0,0,12,67,8,30,68,59,81,71,99,48,50,0,0,0,46,69,43,0,0,0,0,13,62,0,0,77,0,3,0,34,84,0,83,0,61
0,0,0,28,6,0,0,36,0,0,12,0,30,0,0,0,85,0,0,0,0,0,0,73,97,42,0,88,0,2,0,0,72,0,0,86,0,22,0,0,0,34,61,83,77,26,0,3,0,89,10,5,94,0,25,0,0,0,95,0,19,7,0,23,39,96,49,66,0,0,0,0,44,35,100,17,0,79,0,92,0,0,46,0,52,81,71,50,0,0,0,0,0,98,0,63,90,18,0,0
0,72,0,0,22,0,0,54,0,13,0,0,0,3,34,0,89,61,0,77,32,0,0,37,0,0,0,0,0,81,0,0,0,44,17,82,35,0,0,0,0,0,45,91,0,0,0,0,28,6,0,0,0,0,60,96,0,49,0,0,0,98,40,76,0,0,90,0,0,65,12,0,0,1,0,30,16,85,80,0,0,0,53,87,0,0,0,10,57,0,0,0,73,2,38,0,64,88,27,0
0,0,1,80,85,0,16,0,8,68,86,0,0,31,0,0,22,0,0,0,0,0,0,0,75,0,0,0,23,0,34,0,0,0,0,83,0,0,84,0,0,100,0,82,44,92,17,0,4,0,0,0,0,38,27,0,0,64,42,0,52,81,32,99,37,0,46,48,0,71,0,0,15,0,0,70,0,0,28,0,76,0,0,0,63,0,0,0,0,40,5,0,0,14,20,95,53,87,25,0