0,0,0,0,0,94,0,0,25,14,64,73,0,0,27,0,0,0,97,0,30,0,0,0,78,0,0,0,0,16,0,0,75,0,0,0,19,0,0,0,37,0,0,0,81,71,0,82,100,50,0,0,0,0,0,0,88,15,0,0,0,0,0,0,59,0,0,0,0,0,0,0,98,63,0,0,0,0,0,0,0,0,0,0,0,3,41,0,18,0,0,35,87,55,0,0,44,0,0,0
0,15,0,0,0,45,0,0,0,0,67,0,1,0,0,0,0,80,68,78,93,0,0,0,2,43,97,0,42,0,22,31,0,54,0,0,0,0,0,59,0,0,0,0,0,77,0,0,0,0,0,0,95,25,10,0,0,5,8,0,0,0,0,0,0,49,0,0,0,7,0,0,0,0,0,0,0,0,0,0,0,0,0,0,0,0,0,0,82,0,98,76,0,0,0,0,0,0,0,0
92,0,0,20,0,35,0,0,0,33,0,0,45,0,6,0,0,28,0,0,10,94,0,12,14,8,0,0,0,0,85,0,0,0,0,0,0,0,0,96,0,22,0,0,0,0,0,59,48,0,0,98,0,0,0,0,0,0,0,58,43,0,93,0,0,0,0,0,0,0,0,0,41,84,89,0,18,56,74,0,0,0,0,0,0,0,0,0,0,0,81,99,82,0,0,100,0,0,0,0
26,0,0,0,56,0,0,0,89,41,0,55,0,87,79,0,0,0,0,0,0,0,40,91,0,0,0,0,0,0,0,0,15,0,0,0,0,0,0,0,0,85,0,0,78,68,0,0,0,30,99,0,0,0,50,46,0,0,0,37,0,57,0,95,12,53,5,0,0,0,72,0,0,29,22,0,0,0,48,0,42,0,0,0,0,0,0,0,0,0,7,0,83,0,0,0,0,0,0,0
64,0,42,0,0,0,0,73,0,0,0,0,0,0,0,0,0,19,75,0,0,0,0,0,0,48,0,0,0,0,0,0,0,0,99,46,52,0,0,0,0,40,0,0,0,0,0,91,0,0,0,0,0,85,30,0,96,68,66,0,74,0,0,84,18,26,0,89,0,0,0,0,0,0,0,0,0,0,0,0,4,0,0,0,20,55,0,0,87,0,0,45,0,0,0,38,15,0,0,28
0,0,0,34,0,0,0,0,0,7,0,0,99,0,0,0,0,0,71,0,0,0,0,0,0,0,0,0,0,0,0,58,0,0,0,90,0,9,0,0,57,0,0,0,14,0,0,0,8,0,69,0,0,22,0,0,0,0,48,0,0,0,0,4,0,0,0,79,35,0,64,0,2,0,0,0,0,0,43,0,0,0,15,0,38,0,0,0,0,0,0,1,96,0,0,0,0,0,0,0
0,0,0,51,0,76,0,58,0,0,0,57,0,12,0,0,0,0,0,0,70,0,0,0,0,0,15,0,0,0,0,73,0,2,0,0,42,0,0,0,0,0,0,49,7,75,0,83,34,0,35,0,0,0,0,0,0,44,0,0,0,16,0,80,0,0,0,0,0,78,46,0,81,0,0,0,0,0,0,0,0,22,13,0,0,0,0,0,0,62,0,0,0,0,0,74,0,0,0,0
0,0,0,100,0,0,0,0,0,0,90,0,0,0,0,0,0,63,65,0,17,0,0,0,33,0,0,0,0,0,0,0,5,0,0,0,0,10,0,12,0,0,0,0,0,97,0,0,0,0,61,41,0,89,0,0,0,77,0,0,38,0,0,0,0,0,0,0,0,36,49,39,0,19,0,0,83,0,0,75,0,0,68,67,0,0,0,0,96,0,0,0,59,0,0,48,0,0,0,29
0,0,0,48,62,69,0,31,22,0,26,0,0,0,89,0,56,0,77,41,0,0,0,0,0,0,0,0,0,0,79,0,44,0,0,0,4,0,20,87,0,0,0,11,0,0,0,0,0,0,0,0,0,60,0,0,0,0,34,0,51,58,9,0,0,0,0,0,0,0,67,16,78,0,0,0,0,0,0,68,95,0,0,0,0,0,0,0,12,0,0,0,0,0,27,0,0,0,0,0
0,0,0,0,0,0,0,0,85,78,72,0,0,59,22,0,62,29,0,54,0,0,0,0,0,34,75,49,0,0,0,0,0,0,0,26,84,0,74,0,0,0,4,0,33,44,0,0,0,17,0,0,42,0,93,0,86,0,43,0,100,0,0,52,0,0,0,32,0,81,11,47,0,0,6,0,0,0,0,0,0,40,0,0,0,0,0,0,0,9,0,0,0,0,25,0,0,0,0,0
0,81,0,0,0,0,0,0,50,0,0,0,0,11,0,6,0,0,0,58,0,0,0,53,55,0,0,0,0,87,0,0,0,0,95,5,8,0,0,0,86,0,0,97,0,0,0,0,0,24,0,0,0,0,0,0,0,0,0,18,0,0,0,0,0,0,0,70,0,0,0,0,0,34,0,0,0,0,0,0,66,0,0,68,60,0,16,0,0,0,0,0,0,0,0,0,0,0,0,0
0,0,0,85,0,0,0,0,0,0,0,86,42,0,0,0,24,43,0,73,0,0,0,49,16,0,78,0,66,0,21,83,7,0,0,0,34,0,0,0,0,0,0,0,37,0,0,0,79,0,0,47,0,0,0,0,0,0,0,0,0,0,0,0,0,0,0,0,29,0,0,0,0,51,0,0,0,0,6,98,0,56,0,0,0,0,0,0,90,0,0,0,53,0,17,0,33,0,0,0
0,0,0,0,0,0,0,0,0,47,0,0,0,0,0,60,1,0,78,0,0,0,0,0,0,0,0,0,43,86,0,0,54,31,0,0,48,0,0,46,0,56,0,0,0,0,0,0,0,61,0,0,0,0,94,0,0,0,0,0,89,0,0,0,0,75,0,0,0,0,0,87,0,20,0,0,53,0,25,33,100,0,81,0,79,0,37,52,0,0,58,63,11,91,9,6,0,0,0,51
0,41,0,0,0,0,0,0,0,0,0,0,0,0,0,0,35,0,0,0,0,0,0,0,58,0,98,65,51,0,70,0,36,47,0,0,0,0,27,0,0,0,0,0,0,0,80,49,0,0,0,0,0,0,0,0,0,0,0,82,0,0,94,0,0,0,0,0,95,0,13,59,31,0,0,0,46,69,32,0,43,0,0,0,0,0,73,0,0,0,0,0,26,83,0,89,0,0,23,0
0,0,0,32,0,0,0,59,62,0,77,0,0,0,0,0,0,74,0,0,99,0,50,0,0,79,0,0,0,0,0,0,0,0,0,0,20,0,0,0,0,70,0,0,0,36,28,0,0,0,0,0,34,0,0,0,0,7,0,83,0,91,0,0,0,0,0,9,0,0,0,0,0,66,0,0,0,0,0,0,0,0,0,0,0,0,57,0,0,0,0,0,0,0,0,0,0,97,0,0
0,7,0,0,0,0,26,0,0,0,0,82,0,0,0,79,0,0,0,0,0,0,56,0,0,40,41,0,0,0,0,0,0,0,0,65,0,0,6,0,0,0,0,5,0,0,0,0,0,0,0,0,0,62,0,0,0,0,0,0,0,0,0,0,0,0,0,0,4,0,97,0,0,0,0,0,0,0,0,2,0,70,0,0,0,0,47,0,64,0,0,0,49,0,0,0,0,0,0,0
0,98,51,0,0,0,0,0,0,0,0,12,95,0,0,0,0,0,14,0,0,28,0,0,0,0,0,0,0,0,0,86,0,73,0,0,0,24,0,0,83,0,34,0,0,0,0,0,89,23,0,0,20,0,0,44,0,33,0,0,60,0,0,0,0,68,0,0,0,0,0,0,0,0,0,0,0,0,0,0,48,62,0,0,0,0,31,0,0,0,0,84,0,0,0,0,41,77,61,0
0,0,0,0,0,4,0,0,0,0,0,0,28,0,0,0,0,0,0,0,94,0,10,67,0,85,0,0,0,0,30,0,0,16,0,0,66,0,0,0,59,0,48,0,31,0,0,0,0,0,0,58,0,0,0,65,0,0,6,0,0,0,0,0,0,0,2,0,42,0,0,0,0,0,0,84,90,0,0,0,0,0,0,0,89,0,0,0,0,0,0,52,92,82,0,0,0,0,0,0
0,0,43,0,0,42,0,0,93,0,75,83,0,0,21,0,0,0,0,0,69,0,62,0,0,32,0,13,0,0,0,82,0,37,52,0,0,99,0,0,0,9,51,0,0,0,0,11,0,0,0,0,0,0,0,0,49,78,0,0,0,0,0,74,0,0,0,0,0,0,5,0,0,8,10,0,0,0,0,0,0,17,33,44,0,0,0,0,0,0,0,0,64,0,0,0,0,15,45,0
0,0,0,0,0,0,0,0,30,16,0,59,0,0,0,32,69,0,0,0,0,19,0,0,0,0,0,0,0,83,0,0,0,0,0,0,0,61,0,90,0,0,0,0,0,0,0,53,0,0,0,73,0,0,24,0,72,2,22,0,0,0,0,0,0,71,0,0,0,0,0,0,0,0,70,0,0,45,0,0,51,0,0,0,0,91,0,0,0,76,0,0,0,0,0,0,0,5,94,0
0,45,0,88,0,36,0,0,0,0,0,0,0,0,67,0,0,16,0,80,97,0,0,0,0,0,0,0,73,43,72,48,0,0,0,0,0,0,59,0,0,0,0,0,84,0,0,0,0,0,14,0,57,53,0,0,0,0,0,0,0,34,0,0,0,0,0,0,0,0,17,0,0,0,92,0,0,44,0,0,0,0,99,0,0,0,0,0,79,0,0,0,6,51,0,0,0,9,0,58
93,24,0,0,0,0,0,0,64,42,21,0,7,0,49,0,75,0,0,0,0,54,0,32,29,0,0,0,31,0,46,100,99,52,0,0,0,0,82,0,0,0,58,0,0,0,98,6,0,65,0,0,16,67,0,0,60,0,0,66,0,0,0,0,0,56,0,26,0,0,10,0,95,57,0,0,0,0,0,94,0,0,0,17,0,0,4,0,0,44,0,0,0,38,0,88,0,0,0,0
0,69,31,59,0,54,0,0,0,0,56,0,41,0,0,0,0,3,61,0,0,0,0,79,0,0,0,50,0,0,0,0,0,0,0,0,0,0,87,0,0,0,0,0,0,0,36,0,88,15,7,0,39,0,0,0,0,0,0,34,0,0,0,0,6,0,76,0,0,0,0,66,0,0,0,0,0,0,0,0,0,53,0,0,0,0,0,0,0,0,0,0,0,0,64,0,0,0,97,73
21,0,0,0,0,0,0,0,0,19,0,0,0,0,0,0,71,37,99,52,0,41,0,0,0,0,0,56,0,0,90,0,0,0,0,0,0,65,0,6,0,0,0,0,95,0,0,0,12,0,54,29,31,0,0,0,32,0,0,0,0,20,44,0,25,0,35,92,0,4,0,0,0,0,0,0,22,97,0,0,0,11,0,0,88,0,0,0,0,0,0,0,0,0,0,0,1,30,0,0
0,0,55,87,0,0,0,0,92,4,0,0,0,0,0,88,0,0,0,28,5,0,53,0,0,0,0,0,0,8,0,0,1,0,0,0,0,0,96,0,48,0,0,62,29,0,0,0,0,0,0,0,0,90,0,0,6,0,91,51,0,0,97,0,0,93,0,64,2,42,0,0,84,3,0,0,0,0,18,0,0,0,0,0,0,34,0,0,0,0,0,0,0,0,0,0,0,50,71,0
0,76,0,0,0,98,6,0,0,0,0,0,14,85,0,0,0,57,0,0,0,36,0,0,0,0,0,0,0,0,0,43,0,0,0,0,0,0,0,0,0,0,0,0,19,0,0,0,0,0,33,0,0,0,0,0,0,0,0,0,96,0,68,16,0,30,0,0,0,0,0,0,0,0,0,0,0,0,0,99,0,72,0,62,0,48,0,0,0,0,0,0,40,0,0,0,0,0,77,3
0,61,0,0,0,0,0,74,0,0,0,0,33,0,0,0,0,55,0,4,65,0,0,0,0,0,0,9,0,0,0,0,45,0,36,70,47,0,88,27,0,0,0,0,0,0,0,0,96,0,0,0,0,0,0,50,0,0,0,0,0,0,0,0,0,0,0,53,0,95,62,48,29,0,0,0,0,0,0,0,0,64,0,0,0,0,0,0,0,0,0,7,0,34,0,0,0,21,0,0
0,99,0,82,0,0,0,0,46,0,0,0,0,6,0,0,0,58,76,0,0,0,0,25,0,87,0,0,0,0,0,0,94,0,0,0,0,0,12,0,0,64,0,0,0,0,0,0,0,97,41,0,3,26,0,56,0,0,0,0,88,0,0,0,27,70,0,0,36,0,0,0,0,0,49,0,0,0,0,0,0,0,0,30,0,0,80,0,0,0,29,0,0,48,0,59,69,0,0,0
0,0,0,0,5,14,85,8,0,95,0,0,0,22,0,86,0,0,0,0,0,0,0,60,0,0,0,0,16,0,0,0,23,0,7,0,0,0,0,0,0,0,0,0,0,0,0,0,82,0,0,0,0,11,0,70,0,0,0,38,0,0,0,0,32,62,0,0,0,0,9,0,0,0,0,0,0,0,0,76,0,0,0,56,0,0,0,0,40,0,0,0,0,0,0,0,0,0,44,0
30,1,0,0,0,0,0,0,0,0,0,48,54,0,0,0,0,0,0,0,0,0,0,89,19,83,0,0,0,0,0,0,61,0,0,56,0,77,0,0,20,0,0,17,0,0,0,0,0,0,0,0,73,0,97,0,0,0,0,0,0,0,71,0,0,50,0,46,81,0,70,0,0,47,11,0,0,15,0,45,0,0,0,9,91,51,0,0,6,0,0,0,0,0,0,12,94,0,0,0
0,43,0,0,73,86,69,0,0,22,0,0,0,0,0,0,0,0,34,89,0,59,0,0,0,0,0,0,0,0,81,17,0,0,82,0,92,0,0,0,70,0,0,0,0,0,0,0,15,0,0,0,49,0,0,0,0,0,0,21,0,0,0,0,0,0,0,0,0,0,0,0,0,0,0,0,0,57,68,0,0,0,20,0,5,0,25,87,94,0,0,0,0,0,36,0,0,0,0,0
0,0,0,0,0,0,35,0,0,0,0,0,0,0,0,0,0,0,0,0,55,0,0,0,0,0,20,0,0,0,14,30,0,0,0,0,67,57,68,0,0,2,0,0,22,0,86,0,0,0,18,0,90,41,0,0,0,74,0,0,0,0,47,0,0,28,0,36,88,27,0,0,0,0,0,0,0,0,77,0,49,0,0,80,0,0,0,0,0,0,32,0,0,0,0,0,0,0,0,0
0,0,0,15,0,0,0,0,0,0,95,0,0,0,14,0,0,0,0,0,0,0,0,0,0,97,0,28,0,0,0,62,43,0,0,0,0,0,0,69,0,0,0,19,0,0,0,0,0,0,0,0,53,0,0,0,0,0,0,0,75,21,16,0,23,0,0,0,0,0,52,17,79,0,0,0,0,0,44,0,46,54,0,29,71,50,0,59,0,0,0,18,76,0,0,0,0,0,0,0
0,0,90,0,3,0,76,0,0,40,0,0,0,94,0,5,0,0,0,0,58,91,0,0,6,0,0,0,0,70,0,0,38,27,0,28,0,47,0,0,0,78,0,0,0,0,0,0,0,0,0,0,92,0,0,0,0,0,0,0,0,0,0,0,0,95,0,0,12,0,0,0,32,0,0,59,0,0,0,0,0,2,0,42,0,62,22,0,0,0,89,83,61,56,7,77,34,0,0,0
0,38,64,0,0,88,0,0,0,0,0,0,0,0,78,75,0,0,0,0,0,0,0,69,22,0,0,0,0,62,0,0,0,0,0,0,0,0,71,99,0,0,90,0,40,0,0,76,65,0,0,0,0,0,0,0,1,0,0,0,77,0,0,0,61,0,0,0,0,0,0,0,0,0,0,0,0,0,5,0,0,0,0,0,44,0,0,82,35,0,0,0,0,0,0,0,0,0,0,0
0,20,0,0,0,0,0,0,33,0,0,0,0,24,0,0,0,0,0,27,57,0,0,0,0,0,0,0,0,30,0,0,0,0,0,80,0,0,0,0,0,0,0,0,0,0,0,0,0,0,91,6,0,0,0,0,0,51,15,0,0,0,73,0,0,0,0,2,0,0,0,0,0,90,41,0,76,0,65,0,0,0,0,0,0,0,0,83,0,39,0,0,0,17,0,0,100,52,0,92
0,0,46,0,0,0,0,50,0,0,0,9,0,0,0,0,0,0,0,40,0,82,81,0,79,0,100,0,0,17,0,0,0,0,0,4,0,0,0,0,0,36,0,28,0,0,0,24,97,0,0,0,0,7,0,0,0,0,0,56,0,70,0,0,0,0,0,0,91,6,0,0,0,0,0,0,0,0,0,0,0,0,0,0,0,0,0,0,0,0,0,0,0,0,2,0,0,0,73,0
0,0,26,0,0,83,0,0,0,0,0,17,0,0,81,44,0,92,0,79,0,0,41,0,0,0,0,84,0,0,0,70,0,6,0,0,0,0,15,0,30,14,0,95,0,0,0,0,0,0,0,0,0,0,0,0,0,0,0,0,5,0,0,53,0,0,0,0,87,0,0,0,22,0,0,0,0,0,13,43,0,0,0,0,0,0,0,0,0,47,0,0,23,0,0,0,66,80,0,0
0,66,0,0,0,0,0,0,0,0,0,0,0,0,0,71,0,0,48,32,0,83,7,61,0,77,0,0,0,0,0,0,0,0,0,84,0,0,65,76,0,0,0,0,25,0,0,0,5,0,0,0,0,0,0,0,69,0,0,0,0,0,0,0,0,52,0,0,0,0,0,93,0,0,0,0,0,0,0,0,0,98,0,0,15,0,0,0,0,0,0,12,1,30,0,0,0,0,0,0
0,8,0,0,57,0,0,30,0,0,0,0,0,0,0,13,0,72,0,0,0,0,0,23,0,0,0,0,0,0,0,0,34,89,0,0,0,0,0,0,0,0,92,0,0,0,0,0,0,0,0,27,0,0,47,0,0,0,0,93,0,50,0,46,0,0,0,0,0,0,0,70,0,0,0,0,45,0,0,0,0,0,0,0,0,0,0,18,76,0,0,0,0,10,0,0,0,0,55,0
0,0,6,0,0,0,0,0,0,91,0,0,0,0,0,0,0,0,0,0,0,0,0,97,0,93,0,36,0,0,0,72,0,0,0,0,0,0,0,13,0,0,0,0,0,0,34,0,0,0,0,0,25,0,4,0,0,0,10,53,0,0,0,0,0,0,0,0,0,0,81,0,0,0,0,0,0,0,0,0,32,0,0,0,0,0,0,0,71,0,0,0,0,90,0,0,0,0,0,0
0,0,0,0,0,0,0,0,0,96,54,46,0,0,0,0,0,32,31,0,0,34,23,77,0,0,39,0,0,0,0,0,3,0,0,0,40,84,0,0,0,0,0,0,0,0,20,0,10,0,43,0,0,0,0,2,0,0,62,72,17,0,0,79,0,81,0,99,0,0,36,0,0,0,0,0,0,0,0,0,0,0,0,98,0,0,0,0,0,0,0,0,0,0,0,0,0,0,95,85
0,73,0,62,0,0,0,0,0,0,7,0,0,0,0,56,0,89,39,0,0,48,0,71,0,50,0,0,0,0,0,0,0,0,0,0,0,52,17,0,0,0,0,98,0,0,0,0,0,0,66,0,0,1,80,0,0,16,21,49,0,90,0,40,0,0,0,0,0,0,14,67,0,85,0,0,0,0,30,57,0,0,55,0,10,0,87,0,0,0,0,0,0,0,0,0,0,0,0,0
0,0,0,0,19,0,77,0,0,0,81,0,0,0,0,0,0,0,0,82,84,0,61,0,18,9,0,0,40,0,0,11,0,0,0,0,0,63,70,0,0,0,0,14,12,57,0,68,30,0,0,0,32,0,0,54,71,0,0,0,0,0,0,0,0,0,55,35,0,0,0,0,0,0,0,43,13,0,0,0,0,0,47,0,0,64,0,0,97,28,0,66,75,0,0,21,0,0,0,0
0,37,0,17,52,0,0,0,0,0,0,0,0,15,0,0,0,0,0,0,0,0,0,0,0,0,0,0,25,0,94,67,0,0,0,0,0,95,0,0,72,0,22,0,0,0,0,0,0,0,0,18,40,0,0,0,0,0,9,90,0,0,0,27,0,0,0,0,0,88,0,26,83,0,0,0,77,19,0,0,0,0,0,78,0,0,0,0,0,0,0,0,0,0,0,0,0,0,0,0
0,0,0,0,0,48,0,0,0,0,0,0,0,0,0,0,0,0,0,0,0,0,0,0,0,0,0,81,0,0,0,0,0,87,0,0,0,4,0,0,0,45,0,0,88,0,0,0,0,0,34,83,89,0,0,0,0,39,56,26,0,0,63,0,0,0,58,76,51,0,0,0,0,0,0,0,0,0,0,0,0,0,0,14,30,0,0,0,68,0,0,0,0,0,0,0,0,0,0,0
0,0,25,0,0,0,0,0,0,0,0,0,0,0,0,93,0,0,0,88,0,8,0,0,0,0,57,0,0,0,0,0,0,0,66,0,0,0,21,75,46,0,0,0,0,0,0,71,50,0,0,0,0,0,63,98,15,58,0,11,62,0,0,0,0,0,0,0,0,86,0,0,0,40,0,0,65,0,0,3,0,0,0,0,0,0,0,0,0,0,82,0,0,92,0,0,0,81,0,0
0,0,0,93,28,0,0,0,0,0,0,0,0,75,0,0,80,0,0,0,0,0,0,0,0,62,73,0,22,0,0,46,0,0,0,0,32,0,0,0,90,61,0,0,0,3,0,0,9,84,8,0,0,94,0,14,0,0,0,0,0,26,0,0,0,0,39,23,0,0,33,53,0,0,0,20,0,0,0,0,79,0,0,0,17,0,82,100,0,0,0,51,0,0,0,0,0,0,63,0
0,3,0,9,84,74,0,90,0,18,0,0,0,0,0,0,0,0,55,0,63,0,76,0,0,0,0,0,0,0,0,0,0,88,38,0,0,0,0,97,0,0,0,0,0,16,0,0,0,80,0,0,79,99,0,81,0,37,17,92,30,0,0,0,0,14,57,0,8,0,0,46,0,0,0,0,71,29,0,0,0,24,0,0,0,72,86,0,0,0,0,34,0,26,0,0,39,0,0,0
0,57,0,0,0,0,0,0,0,12,0,0,0,0,0,0,0,0,73,86,0,66,0,0,96,0,0,0,0,0,23,0,39,0,34,7,89,19,0,0,0,99,0,0,0,0,100,44,0,0,38,0,27,0,28,0,97,0,0,0,50,0,0,0,0,0,0,69,48,0,98,0,0,0,76,51,15,0,0,0,40,0,0,0,9,0,0,0,0,0,87,0,0,53,0,0,0,0,0,0
0,0,0,0,0,0,0,0,0,0,0,89,0,0,0,0,7,0,19,0,0,0,0,0,0,0,29,69,0,0,0,79,0,100,37,0,0,0,0,0,6,0,0,0,51,0,0,70,0,0,0,0,96,68,78,1,0,80,0,0,0,40,41,18,9,61,0,0,0,74,0,85,8,12,5,0,30,0,67,95,87,0,0,35,0,25,20,0,0,0,0,0,93,0,0,64,0,0,36,0
23,19,83,26,0,0,0,0,75,0,99,0,0,17,0,92,81,82,0,0,41,3,0,9,74,90,84,61,0,0,65,0,63,0,0,0,0,98,0,70,85,0,12,0,8,95,57,30,67,0,0,0,0,13,0,69,50,29,0,0,0,0,0,87,0,35,4,0,0,0,0,0,0,86,0,73,62,2,72,42,0,15,0,0,0,27,0,0,93,0,66,0,0,60,0,49,80,1,78,96
0,63,0,0,98,58,70,0,0,51,0,0,57,30,5,67,14,0,95,0,36,47,0,0,38,64,0,45,0,0,0,22,42,0,0,24,86,0,72,0,89,75,0,0,0,0,0,56,0,0,0,0,0,44,0,0,10,4,0,0,49,60,0,0,21,0,80,68,16,66,0,79,0,0,71,37,0,0,92,0,59,0,0,69,0,0,0,31,50,0,74,0,0,0,77,0,0,61,41,0
94,95,0,67,0,0,30,0,5,8,0,0,73,62,97,0,2,0,42,0,78,0,0,0,0,49,80,0,96,60,0,0,0,0,0,23,83,0,26,56,79,71,82,0,100,52,37,0,92,0,0,0,0,0,36,45,0,0,64,27,46,0,0,0,0,0,29,0,0,0,76,0,51,0,0,0,0,98,11,63,0,0,0,0,90,0,0,3,0,41,0,0,0,25,0,0,4,35,0,87
0,29,59,46,0,0,50,32,0,0,0,40,0,9,0,90,0,0,0,74,0,0,71,17,100,0,52,99,0,0,0,25,4,0,0,35,0,33,0,0,0,0,0,0,38,28,47,93,64,0,0,34,0,0,0,0,56,0,0,89,11,0,98,91,70,0,0,65,58,0,0,60,66,0,68,0,0,0,49,80,12,0,95,94,0,85,8,0,0,0,43,0,62,22,97,0,0,0,2,86
0,0,0,90,41,3,9,40,0,0,0,0,55,10,44,53,0,0,4,20,0,0,0,70,0,11,63,76,0,0,15,0,0,38,47,45,88,0,64,93,0,68,0,0,66,0,16,21,0,0,37,0,0,71,81,99,0,52,92,0,0,0,0,12,30,0,95,0,0,8,0,0,48,0,13,0,0,54,46,0,0,97,42,24,72,22,43,73,0,0,0,39,0,89,0,26,0,23,0,0
1,80,96,49,0,16,0,60,68,0,0,0,31,50,0,0,54,59,29,0,0,0,75,56,34,0,0,23,83,0,77,40,84,74,0,61,0,41,0,0,25,0,87,35,20,4,55,0,0,0,73,0,86,0,2,0,62,0,0,0,0,0,81,82,0,99,0,0,37,0,45,27,0,0,0,47,93,0,0,0,91,65,63,0,0,6,0,0,70,0,8,0,0,0,0,67,95,0,0,12
35,4,0,53,0,0,10,0,44,0,45,27,0,0,0,64,36,0,28,0,14,57,0,0,8,67,95,0,12,85,0,60,0,0,0,1,96,0,0,21,32,0,59,0,0,29,0,0,0,0,58,51,0,0,0,0,70,63,11,6,72,0,2,0,62,0,0,0,73,43,0,0,0,18,0,3,9,41,90,0,0,0,0,23,26,0,0,39,56,0,0,0,17,0,0,92,52,0,0,82
45,0,0,64,36,0,0,0,0,38,0,60,16,21,68,49,78,0,80,66,0,73,0,62,43,0,0,24,86,22,13,0,29,0,31,0,0,54,46,50,40,0,18,61,0,0,0,9,90,41,57,8,12,5,14,0,0,0,0,0,0,89,0,0,56,0,19,0,39,0,35,25,20,0,0,0,10,33,53,0,82,71,52,0,92,0,100,37,17,81,51,0,70,6,65,0,63,76,98,0
0,0,82,0,0,0,0,0,71,100,76,6,0,70,0,0,0,91,0,51,0,55,0,0,20,53,0,0,0,25,5,85,0,0,0,0,0,0,67,30,22,97,86,24,0,42,0,0,72,0,3,74,0,0,0,61,0,0,90,40,0,0,0,88,93,45,0,0,0,38,0,0,0,83,0,39,56,7,26,0,96,68,0,0,0,0,0,16,21,78,0,31,50,0,13,46,0,69,54,0
39,0,0,0,0,89,0,0,19,26,37,44,0,0,52,0,100,0,82,92,0,0,84,98,90,76,18,0,9,65,0,0,0,0,6,0,0,51,0,36,0,95,0,57,0,12,0,0,0,8,0,0,50,29,48,31,81,0,99,0,0,0,0,0,0,55,0,4,0,53,73,0,0,0,42,0,0,43,69,86,93,0,0,0,24,97,64,27,2,0,49,60,7,75,0,0,96,16,0,0
0,0,0,0,74,0,0,65,0,0,0,5,0,14,0,94,20,0,87,53,51,0,63,0,0,45,91,0,0,15,0,0,88,0,0,0,93,0,0,0,0,80,0,16,49,0,0,0,23,66,0,92,0,52,0,0,33,0,0,44,1,0,8,0,0,57,0,95,0,0,0,0,46,0,29,32,0,0,99,59,62,42,0,73,69,0,72,22,0,0,26,0,0,77,0,0,83,39,0,56
47,0,0,0,38,0,0,0,0,64,0,0,0,0,80,0,66,21,0,49,0,0,42,0,72,0,86,73,0,0,29,71,0,46,32,31,50,0,0,81,65,84,0,0,90,0,0,0,76,0,85,67,30,0,0,57,78,12,1,0,61,77,0,56,0,39,83,0,89,0,55,5,53,0,4,0,0,20,0,0,0,0,82,0,0,44,92,0,0,100,0,6,36,0,0,0,91,0,51,0
16,96,21,0,0,60,7,75,80,0,0,71,0,81,0,99,48,0,59,0,34,89,0,41,26,0,83,39,56,0,84,65,0,90,0,3,9,74,0,98,5,0,0,55,0,0,0,0,94,0,22,72,0,0,43,73,0,0,69,0,0,44,0,17,33,0,0,0,0,92,0,0,64,0,28,27,2,38,0,0,70,63,0,58,0,0,0,0,0,51,0,85,0,68,0,0,12,57,8,0
0,82,0,35,0,79,33,44,0,0,0,0,6,0,63,45,0,0,0,11,20,0,4,0,53,94,87,55,10,5,0,68,12,67,0,57,0,0,0,78,13,0,0,0,72,0,0,0,69,0,40,90,0,0,0,3,0,0,0,0,24,97,0,0,2,0,88,28,0,64,39,77,26,56,0,0,41,0,61,83,0,80,96,16,0,0,49,0,0,66,46,0,0,71,0,0,0,31,48,0
55,87,0,94,20,0,0,0,4,0,0,97,27,2,0,0,38,0,88,64,0,85,95,0,0,0,0,0,30,68,80,75,96,49,0,16,21,0,0,7,0,0,50,0,46,0,0,81,0,0,6,0,0,63,51,0,0,91,0,0,69,13,0,0,0,0,86,0,0,72,0,0,0,0,0,0,98,74,0,18,56,19,0,39,61,77,26,89,41,34,0,79,33,0,0,35,0,0,100,17
0,59,0,0,0,0,81,71,29,46,0,65,40,98,0,76,0,0,18,90,100,0,0,0,0,35,82,0,17,0,0,5,87,0,0,55,10,0,0,0,97,0,93,47,64,88,0,2,24,0,89,26,56,19,34,0,0,83,0,77,45,0,0,70,0,58,0,0,0,11,0,75,49,0,0,60,7,0,0,0,0,0,12,57,1,0,0,85,78,0,72,22,54,13,0,69,0,0,43,62
0,91,0,45,51,0,0,15,0,11,57,0,0,78,0,1,8,30,0,67,38,0,28,0,64,24,88,47,93,0,0,0,0,0,22,73,62,43,69,0,77,19,56,0,0,83,0,0,61,34,25,0,10,0,0,0,14,87,0,0,23,0,66,21,0,0,96,80,60,49,0,0,92,0,52,79,0,100,35,82,0,29,0,0,99,0,46,0,0,48,90,0,98,0,84,0,18,0,74,0
73,0,0,0,0,0,0,0,42,72,39,77,0,0,19,61,34,0,83,26,48,0,29,0,46,0,59,0,50,0,0,0,0,0,0,0,17,0,0,33,15,0,0,58,0,0,6,36,0,0,0,49,21,80,0,0,0,0,0,0,0,65,74,9,0,0,18,0,0,0,57,68,0,30,0,0,0,8,0,12,0,4,0,55,94,0,0,25,0,0,64,27,0,0,28,0,88,0,38,93
0,0,0,1,8,85,0,68,95,0,0,13,0,0,42,69,43,62,0,0,66,0,0,0,49,23,0,0,21,75,19,77,83,26,0,39,0,0,0,0,44,52,17,37,92,82,0,0,35,0,0,0,93,28,0,47,2,0,24,97,0,0,0,50,0,0,0,0,32,46,0,0,11,70,63,0,0,51,0,0,9,84,18,0,76,65,90,0,98,0,0,25,14,0,4,94,0,0,0,10
0,0,97,2,88,64,0,24,47,93,0,0,0,19,16,0,0,0,60,21,86,72,73,29,62,0,22,0,0,69,0,99,0,50,46,0,0,59,81,0,76,0,0,0,0,0,0,63,0,0,67,0,68,57,0,0,80,0,0,0,0,61,83,0,84,0,89,0,26,56,0,94,0,0,0,0,0,0,14,25,0,37,79,100,0,0,0,92,4,0,70,0,0,0,0,36,0,0,91,0
43,22,13,54,0,0,0,69,73,0,0,0,26,84,0,0,0,77,89,56,59,0,31,52,0,81,32,0,0,99,37,35,79,0,0,100,0,0,0,4,45,0,15,51,0,0,0,28,36,91,0,0,75,0,0,0,0,60,0,0,98,76,0,65,63,0,0,0,90,0,0,0,30,68,57,67,0,12,0,0,0,0,25,0,0,0,0,0,95,0,0,64,42,24,0,0,0,38,0,0
74,0,65,98,0,0,0,0,3,9,0,0,0,0,55,0,0,0,25,10,0,0,0,28,70,0,0,0,15,0,47,0,0,93,64,38,0,88,0,42,0,16,0,0,0,0,0,19,7,96,0,17,0,37,82,100,4,0,33,0,0,1,12,0,80,8,85,57,0,30,48,0,0,0,31,46,0,0,81,0,13,73,0,0,54,69,0,72,0,0,56,26,0,0,0,0,0,0,0,0
100,79,0,0,0,0,4,35,0,0,51,45,11,28,0,36,0,15,6,0,0,53,0,0,0,0,0,0,0,0,57,0,85,30,0,0,68,12,78,0,0,73,13,0,62,0,0,0,0,0,0,0,65,0,18,0,0,0,0,76,0,0,88,0,0,38,27,0,64,0,34,61,0,77,0,0,0,83,0,89,75,0,60,66,0,0,0,49,0,96,50,0,0,99,31,0,32,0,59,71
51,6,0,0,0,11,0,0,58,0,8,1,67,0,0,0,0,0,0,0,0,64,47,0,93,0,27,0,0,24,73,69,0,0,0,43,13,0,54,29,0,0,0,0,0,89,0,0,0,83,53,0,5,0,87,20,0,0,0,0,7,0,0,0,19,0,60,0,49,0,0,0,0,44,0,92,4,82,33,79,0,0,32,48,0,99,50,46,0,59,0,0,63,0,0,0,40,74,0,0
8,85,0,0,0,0,0,1,57,30,0,69,72,0,0,0,0,0,22,0,96,0,0,0,21,7,60,0,0,0,0,61,0,0,26,0,77,0,41,84,0,0,44,100,0,0,92,4,0,82,64,0,0,47,88,0,42,27,0,24,81,0,59,0,0,48,0,0,0,50,0,0,70,0,58,0,28,0,0,6,65,0,40,0,0,0,0,90,0,0,0,53,95,94,0,14,25,20,87,0
0,32,71,0,0,0,52,99,0,0,0,76,90,63,0,0,0,0,0,9,82,0,37,4,17,0,79,100,0,0,55,94,0,10,0,0,5,87,0,95,0,47,0,38,0,0,64,42,2,88,0,56,0,39,83,34,0,89,0,0,0,0,91,15,28,0,0,0,11,70,66,0,0,75,0,0,0,96,0,0,0,0,0,0,0,1,0,0,0,0,62,72,0,69,0,0,0,43,86,13
66,60,75,7,96,49,19,0,0,0,0,0,0,0,31,81,0,0,32,0,83,0,39,84,0,41,89,34,0,0,3,0,0,9,90,0,65,18,0,0,0,0,5,0,0,0,53,0,14,87,0,0,13,73,86,43,0,0,0,0,33,35,0,0,0,100,0,37,92,17,38,0,93,0,47,0,0,0,0,27,15,58,6,51,36,45,0,11,28,91,0,0,80,1,57,0,0,0,0,68
34,89,0,0,0,0,84,0,0,56,0,0,0,4,0,0,0,0,79,0,18,0,0,0,0,98,40,74,65,76,58,0,6,0,11,0,15,0,36,28,0,57,68,8,30,0,0,80,0,12,46,0,71,31,0,0,0,0,81,0,0,0,0,0,0,0,0,0,0,10,43,69,62,0,73,72,0,0,0,22,97,47,0,0,2,24,0,64,0,0,0,0,0,0,0,7,0,0,96,75
20,0,5,14,87,0,95,0,55,10,38,24,64,0,47,0,0,0,27,0,0,67,57,80,30,0,85,0,68,0,16,23,60,21,0,0,75,96,0,19,99,31,71,48,50,32,0,0,81,0,0,0,15,58,0,51,28,0,36,45,54,69,86,0,29,43,22,0,72,62,0,0,0,65,3,0,0,18,0,40,0,0,0,34,41,0,0,0,0,0,17,0,4,0,37,33,79,100,0,0
89,56,41,3,0,0,74,84,0,61,0,0,44,0,0,55,92,0,0,35,0,65,0,0,76,0,9,40,98,0,0,0,70,0,0,6,0,0,0,38,0,12,0,85,0,0,68,0,16,0,71,0,0,59,0,0,0,0,37,52,57,95,53,0,8,0,10,87,0,0,22,0,0,0,0,13,48,72,31,0,0,0,93,0,0,42,0,0,43,64,0,0,0,0,96,39,21,0,49,0
0,0,0,0,72,0,48,0,86,69,89,0,0,74,0,0,26,0,56,0,0,71,59,0,99,37,50,0,0,0,82,0,0,35,44,79,0,0,55,20,0,0,36,0,0,70,15,0,47,0,75,23,0,96,0,0,0,21,39,19,58,0,90,98,51,40,0,0,65,76,85,80,0,0,0,0,0,0,0,30,0,87,0,0,0,0,94,5,0,53,24,0,0,0,0,0,93,0,0,0
85,0,0,16,67,0,0,0,12,1,0,29,0,0,0,31,0,0,0,0,0,0,96,0,23,39,21,0,0,0,83,0,0,61,0,89,41,0,0,74,4,0,33,79,35,17,0,20,0,0,0,0,2,88,0,27,43,93,73,42,37,52,0,81,100,0,0,0,0,0,6,0,0,36,0,15,0,0,0,0,0,18,9,0,0,63,0,0,0,90,94,5,0,95,87,57,10,0,53,14
0,0,7,0,0,0,34,0,0,0,0,0,71,100,59,0,0,0,50,99,26,0,83,0,0,3,56,89,0,84,18,0,9,76,65,40,98,0,58,0,95,87,0,25,0,0,5,0,0,53,13,69,0,86,72,0,48,62,31,29,55,0,0,33,20,79,0,82,0,35,0,42,0,0,0,97,0,0,73,93,36,0,70,0,0,28,45,0,38,0,0,68,66,80,0,0,0,85,0,0
0,0,36,0,0,0,0,28,0,45,0,0,0,0,12,16,67,78,30,0,64,0,0,0,0,73,0,0,2,42,86,29,62,0,0,22,54,72,31,48,0,0,41,89,0,56,77,74,0,0,5,94,14,0,53,25,8,0,0,95,39,0,0,7,34,60,21,0,75,23,0,4,35,0,82,44,20,0,0,0,0,59,50,32,37,0,0,0,100,0,0,0,0,63,0,58,0,40,90,98
0,50,81,0,0,71,100,52,59,0,0,63,0,51,18,58,90,0,9,0,92,0,0,20,0,0,0,79,33,4,0,0,0,94,0,0,0,0,0,8,0,0,0,0,24,93,97,0,0,0,0,0,0,0,26,89,74,0,3,84,47,28,0,36,38,6,70,91,15,0,0,0,0,7,96,0,34,49,39,0,78,0,30,0,16,0,0,68,66,0,69,13,0,29,86,0,62,0,0,54
27,93,2,73,0,97,0,42,0,0,0,19,75,34,0,0,49,7,21,0,72,13,86,48,69,31,62,22,54,0,59,0,0,99,71,32,81,0,37,0,0,18,0,0,76,0,65,0,58,0,68,1,0,12,67,85,66,0,16,0,0,0,0,0,0,89,56,83,0,61,25,0,0,14,87,0,0,0,0,0,33,0,0,0,55,4,35,44,20,0,0,15,38,0,0,47,70,6,11,0
0,0,14,0,53,0,0,95,0,94,27,42,97,43,0,0,64,0,0,0,0,0,12,66,1,0,0,0,78,0,96,0,0,0,75,0,0,49,39,34,52,0,0,32,99,50,71,100,37,46,0,45,36,91,0,6,38,0,0,0,31,0,0,54,48,0,62,86,0,69,40,0,76,98,0,0,0,0,58,9,41,83,0,0,3,84,61,0,0,26,0,0,20,0,82,0,17,79,0,0
0,17,33,55,0,44,0,0,82,0,6,28,15,0,91,47,11,0,70,45,0,0,0,8,0,57,10,0,0,95,0,0,0,0,68,0,0,67,0,66,0,86,0,0,0,62,0,48,0,72,0,76,0,18,0,40,0,9,58,0,0,42,0,0,0,0,93,0,0,24,0,0,0,41,83,77,0,26,0,0,0,96,0,60,0,19,0,75,0,49,99,71,0,0,59,0,50,32,46,81
40,9,98,58,0,65,0,63,0,0,25,95,0,8,87,57,0,14,0,94,11,15,91,38,0,47,70,0,0,0,88,42,0,0,97,0,0,0,73,43,19,96,7,0,23,0,0,34,39,49,44,35,0,0,0,79,0,17,55,4,0,80,0,78,66,85,30,0,0,1,0,52,0,0,0,71,0,46,0,0,54,86,0,0,0,0,0,13,0,0,61,0,0,0,83,0,56,0,0,0
0,0,0,84,0,56,0,0,0,77,0,0,0,55,100,4,0,35,0,44,40,9,74,58,0,63,90,18,76,98,51,0,0,0,70,91,45,6,0,0,78,0,0,12,0,67,0,0,80,0,50,0,0,48,32,59,0,0,52,81,95,14,25,94,57,0,53,20,10,0,86,0,13,69,0,0,0,0,29,0,24,0,64,88,0,0,0,0,0,0,0,21,0,0,66,0,0,96,60,0
96,0,0,0,60,0,0,7,66,0,59,0,0,0,48,0,32,0,0,71,89,56,0,0,0,0,26,0,0,41,0,0,0,65,9,0,0,0,63,0,14,20,0,0,5,0,0,57,95,25,0,13,0,43,22,0,0,0,0,0,4,33,79,35,55,82,92,0,0,44,88,2,0,0,0,93,0,27,42,0,0,51,0,91,28,36,0,0,0,6,68,0,16,0,8,80,67,12,85,0
88,0,24,0,0,0,0,0,0,97,0,0,0,0,66,0,60,0,49,0,22,0,43,0,0,29,0,86,0,54,0,0,46,71,0,59,0,32,0,0,0,74,76,0,65,90,9,0,63,0,0,0,0,8,85,12,16,67,80,0,84,0,89,61,3,0,26,0,56,77,0,14,5,0,20,0,0,25,95,53,35,0,0,82,4,0,0,0,55,79,0,0,0,0,0,0,0,91,0,0
87,0,0,0,25,10,0,0,0,0,0,0,93,0,0,0,27,0,0,0,85,0,8,16,68,0,67,0,1,0,0,0,0,75,21,96,23,0,0,39,81,0,99,59,0,46,0,37,0,32,70,0,0,0,6,0,47,11,0,36,29,54,0,0,0,86,72,43,62,0,0,0,0,0,74,9,0,0,63,90,61,0,0,0,0,0,0,56,0,89,44,0,0,0,100,0,92,0,0,35
59,46,99,0,32,0,0,81,0,0,0,98,0,0,0,0,40,76,0,0,0,17,100,0,0,0,0,82,35,33,0,14,0,0,10,0,94,0,95,0,0,38,0,0,97,0,93,0,0,27,56,0,61,34,0,83,3,0,84,41,0,36,0,0,0,91,11,51,0,0,0,0,75,23,0,21,39,0,0,49,1,8,0,0,0,78,68,30,16,85,13,0,31,0,43,0,0,86,22,69
82,92,35,0,0,17,55,0,0,44,0,0,0,0,51,0,6,0,11,15,0,10,20,57,5,0,53,0,0,0,0,78,0,68,30,0,1,85,80,0,54,43,0,86,0,72,62,0,29,22,9,65,76,0,40,18,58,90,63,0,0,2,0,0,0,0,64,38,0,0,83,0,77,0,34,0,3,89,0,26,0,66,49,96,19,0,0,0,0,0,71,50,0,81,48,52,0,0,0,99
18,0,0,63,40,0,0,98,74,0,87,14,0,0,20,95,0,94,53,0,0,70,0,0,0,0,0,0,0,36,0,2,0,0,0,0,24,0,42,73,0,0,23,0,0,49,21,0,19,0,17,0,0,0,0,82,0,92,0,33,80,78,0,1,0,0,67,0,0,68,0,81,71,0,0,50,37,0,0,46,69,0,72,0,29,54,13,0,0,22,0,0,0,0,0,0,26,0,0,61
91,0,0,28,6,0,0,36,0,0,12,0,30,0,8,0,0,0,67,68,27,93,38,73,0,0,0,0,0,2,43,54,72,0,62,86,69,22,29,0,0,0,61,0,0,0,56,3,84,0,10,5,0,0,0,0,57,53,95,0,19,7,60,0,39,96,49,66,0,75,82,33,0,35,100,17,55,79,0,92,0,48,46,0,0,81,71,0,37,32,65,0,58,0,0,0,90,18,40,76
0,0,69,0,22,0,31,54,0,0,0,41,0,3,34,0,89,0,26,77,0,0,48,0,71,52,46,59,0,0,100,0,0,44,0,82,0,79,4,55,0,51,0,0,0,11,0,47,28,0,21,75,23,0,0,0,0,0,19,0,63,0,0,76,0,18,0,0,9,0,0,0,0,1,8,0,0,85,80,0,0,0,0,87,0,14,5,0,0,25,0,93,73,2,38,42,64,0,0,0
12,0,1,0,0,0,0,78,0,68,86,0,62,31,43,0,22,0,0,0,60,21,0,0,75,19,0,96,0,7,34,41,26,0,56,83,61,89,84,0,0,100,35,82,0,0,0,0,0,79,93,0,24,0,27,88,0,0,42,2,0,81,32,0,0,0,0,48,0,71,91,36,15,45,0,70,0,0,0,11,76,74,0,18,63,0,65,0,0,40,0,0,0,14,20,95,0,0,25,94